    0  1  2  3  4  5  6  7  8  9 10 11 12 13 14 15 16 17 ... 29 energy num_oc.
45 +1 -1 +1 -1 +1 -1 +1 -1 +1 -1 +1 -1 +1 -1 +1 -1 +1 -1 ... -1  -39.0       1
53 +1 -1 +1 -1 +1 -1 +1 -1 +1 -1 +1 -1 +1 -1 +1 -1 +1 -1 ... -1  -39.0       1
64 +1 -1 +1 -1 +1 -1 +1 -1 +1 -1 +1 -1 +1 -1 +1 -1 +1 -1 ... -1  -39.0       1
71 +1 -1 +1 -1 +1 -1 +1 -1 +1 -1 +1 -1 +1 -1 +1 -1 +1 -1 ... -1  -39.0       1
3  +1 -1 -1 +1 -1 +1 -1 +1 -1 +1 -1 +1 -1 +1 -1 +1 -1 +1 ... +1  -37.0       1
6  +1 -1 +1 -1 -1 +1 -1 +1 -1 +1 -1 +1 -1 +1 -1 +1 -1 +1 ... +1  -37.0       1
16 +1 -1 +1 -1 +1 +1 -1 +1 -1 +1 -1 +1 -1 +1 -1 +1 -1 +1 ... +1  -37.0       1
20 +1 -1 +1 +1 -1 +1 -1 +1 -1 +1 -1 +1 -1 +1 -1 +1 -1 +1 ... +1  -37.0       1
21 +1 -1 +1 -1 +1 +1 -1 +1 -1 +1 -1 +1 -1 +1 -1 +1 -1 +1 ... +1  -37.0       1
24 +1 -1 +1 -1 +1 +1 -1 +1 -1 +1 -1 +1 -1 +1 -1 +1 -1 +1 ... +1  -37.0       1
27 +1 -1 -1 +1 -1 +1 -1 +1 -1 +1 -1 +1 -1 +1 -1 +1 -1 +1 ... +1  -37.0       1
31 +1 +1 -1 +1 -1 +1 -1 +1 -1 +1 -1 +1 -1 +1 -1 +1 -1 +1 ... +1  -37.0       1
40 +1 -1 +1 -1 +1 -1 +1 -1 -1 +1 -1 +1 -1 +1 -1 +1 -1 +1 ... +1  -37.0       1
50 +1 -1 +1 -1 +1 -1 +1 -1 +1 -1 -1 +1 -1 +1 -1 +1 -1 +1 ... +1  -37.0       1
54 +1 -1 +1 -1 +1 -1 -1 +1 -1 +1 -1 +1 -1 +1 -1 +1 -1 +1 ... +1  -37.0       1
63 +1 -1 +1 -1 +1 -1 +1 +1 -1 +1 -1 +1 -1 +1 -1 +1 -1 +1 ... +1  -37.0       1
66 +1 -1 +1 -1 +1 +1 -1 +1 -1 +1 -1 +1 -1 +1 -1 +1 -1 +1 ... +1  -37.0       1
74 +1 -1 +1 -1 +1 -1 +1 -1 +1 -1 +1 -1 -1 +1 -1 +1 -1 +1 ... +1  -37.0       1
76 +1 -1 +1 -1 +1 -1 -1 +1 -1 +1 -1 +1 -1 +1 -1 +1 -1 +1 ... +1  -37.0       1
10 +1 -1 +1 -1 +1 -1 +1 -1 +1 -1 -1 +1 -1 +1 -1 +1 -1 -1 ... -1  -35.0       1
12 +1 +1 -1 +1 -1 +1 -1 +1 -1 +1 -1 +1 -1 +1 +1 -1 +1 -1 ... -1  -35.0       1
13 +1 -1 +1 -1 +1 +1 -1 -1 +1 -1 +1 -1 +1 -1 +1 -1 +1 -1 ... -1  -35.0       1
17 +1 -1 +1 -1 +1 -1 +1 -1 -1 +1 -1 +1 -1 +1 -1 +1 +1 -1 ... -1  -35.0       1
25 +1 -1 +1 +1 -1 +1 -1 +1 -1 +1 -1 +1 -1 -1 +1 -1 +1 -1 ... -1  -35.0       1
28 +1 -1 +1 -1 +1 +1 -1 -1 +1 -1 +1 -1 +1 -1 +1 -1 +1 -1 ... -1  -35.0       1
30 +1 -1 +1 -1 +1 +1 -1 +1 -1 +1 -1 +1 -1 -1 +1 -1 +1 -1 ... -1  -35.0       1
32 +1 -1 +1 +1 -1 +1 -1 +1 +1 -1 +1 -1 +1 -1 +1 -1 +1 -1 ... -1  -35.0       1
38 +1 -1 +1 -1 +1 -1 +1 -1 +1 -1 +1 -1 +1 +1 +1 -1 +1 -1 ... -1  -35.0       1
58 +1 -1 +1 -1 +1 -1 -1 +1 -1 +1 -1 -1 +1 -1 +1 -1 +1 -1 ... -1  -35.0       1
60 +1 -1 +1 -1 +1 -1 -1 +1 -1 +1 -1 +1 -1 +1 -1 -1 +1 -1 ... -1  -35.0       1
62 +1 -1 +1 -1 +1 -1 +1 -1 +1 -1 +1 +1 -1 +1 -1 +1 -1 +1 ... -1  -35.0       1
68 +1 -1 -1 +1 -1 +1 -1 -1 +1 -1 +1 -1 +1 -1 +1 -1 +1 -1 ... -1  -35.0       1
83 +1 -1 +1 -1 +1 -1 +1 +1 -1 -1 +1 -1 +1 -1 +1 -1 +1 -1 ... -1  -35.0       1
98 +1 -1 +1 +1 -1 +1 -1 +1 -1 +1 +1 -1 +1 -1 +1 -1 +1 -1 ... -1  -35.0       1
0  +1 -1 +1 -1 -1 +1 -1 -1 +1 -1 +1 -1 +1 -1 +1 -1 -1 +1 ... +1  -33.0       1
5  +1 -1 +1 -1 +1 -1 -1 +1 +1 +1 -1 +1 -1 +1 -1 +1 -1 +1 ... +1  -33.0       1
7  +1 -1 +1 +1 -1 +1 +1 -1 +1 -1 +1 -1 +1 -1 +1 -1 +1 -1 ... +1  -33.0       1
9  +1 +1 -1 -1 +1 +1 -1 +1 -1 +1 -1 +1 -1 +1 -1 +1 -1 +1 ... +1  -33.0       1
11 +1 -1 +1 -1 -1 +1 -1 -1 +1 -1 +1 -1 +1 -1 -1 +1 -1 +1 ... +1  -33.0       1
14 +1 -1 +1 -1 -1 +1 +1 -1 +1 -1 -1 +1 -1 +1 -1 +1 -1 +1 ... +1  -33.0       1
15 +1 +1 -1 +1 +1 -1 +1 +1 -1 +1 -1 +1 -1 +1 -1 +1 -1 +1 ... +1  -33.0       1
22 +1 +1 +1 -1 +1 -1 +1 -1 +1 +1 -1 +1 -1 +1 -1 +1 -1 +1 ... +1  -33.0       1
34 +1 -1 -1 +1 +1 -1 +1 -1 +1 +1 -1 +1 -1 +1 -1 +1 -1 +1 ... +1  -33.0       1
35 +1 -1 +1 -1 -1 +1 +1 -1 +1 -1 +1 -1 -1 +1 -1 +1 -1 +1 ... +1  -33.0       1
37 +1 +1 -1 -1 +1 +1 -1 +1 -1 +1 -1 +1 -1 +1 -1 +1 -1 +1 ... +1  -33.0       1
39 +1 -1 -1 +1 -1 +1 -1 +1 -1 -1 +1 -1 +1 -1 +1 -1 +1 -1 ... +1  -33.0       1
41 +1 -1 +1 -1 +1 -1 -1 -1 +1 -1 -1 +1 -1 +1 -1 +1 -1 +1 ... +1  -33.0       1
49 +1 -1 +1 +1 +1 -1 +1 -1 +1 -1 +1 -1 -1 +1 -1 +1 -1 +1 ... +1  -33.0       1
55 +1 +1 -1 +1 -1 +1 +1 +1 -1 +1 -1 +1 -1 +1 -1 +1 -1 +1 ... +1  -33.0       1
57 +1 -1 +1 -1 +1 +1 -1 +1 -1 -1 +1 -1 -1 +1 -1 +1 -1 +1 ... +1  -33.0       1
59 +1 -1 +1 -1 +1 -1 -1 +1 -1 +1 +1 -1 +1 -1 +1 +1 -1 +1 ... +1  -33.0       1
67 +1 -1 +1 -1 -1 +1 +1 -1 -1 +1 -1 +1 -1 +1 -1 +1 -1 +1 ... +1  -33.0       1
70 +1 -1 -1 +1 +1 -1 +1 +1 -1 +1 -1 +1 -1 +1 -1 +1 -1 +1 ... +1  -33.0       1
72 +1 -1 +1 -1 -1 +1 +1 +1 -1 +1 -1 +1 -1 +1 -1 +1 -1 +1 ... +1  -33.0       1
73 +1 +1 -1 +1 -1 +1 +1 -1 -1 +1 -1 +1 -1 +1 -1 +1 -1 +1 ... +1  -33.0       1
77 +1 -1 +1 -1 -1 +1 +1 -1 +1 -1 -1 +1 -1 +1 -1 +1 -1 +1 ... +1  -33.0       1
80 +1 -1 -1 +1 -1 -1 +1 -1 -1 +1 -1 +1 -1 +1 -1 +1 -1 +1 ... +1  -33.0       1
81 +1 -1 +1 -1 +1 -1 +1 +1 -1 +1 -1 +1 +1 -1 +1 -1 +1 -1 ... +1  -33.0       1
82 +1 +1 -1 +1 -1 +1 -1 +1 -1 +1 -1 +1 -1 +1 -1 +1 +1 -1 ... +1  -33.0       1
90 +1 -1 +1 +1 -1 +1 -1 -1 +1 -1 +1 -1 +1 -1 +1 -1 +1 -1 ... +1  -33.0       1
94 +1 -1 -1 +1 -1 +1 +1 -1 -1 +1 -1 +1 -1 +1 -1 +1 -1 +1 ... +1  -33.0       1
97 +1 -1 +1 -1 +1 +1 -1 -1 -1 +1 -1 +1 -1 +1 -1 +1 -1 +1 ... +1  -33.0       1
99 +1 -1 +1 -1 -1 +1 -1 +1 -1 +1 +1 -1 -1 +1 -1 +1 -1 +1 ... +1  -33.0       1
1  +1 -1 +1 +1 +1 -1 -1 +1 +1 -1 +1 -1 +1 -1 +1 -1 +1 -1 ... -1  -31.0       1
2  +1 -1 +1 -1 -1 -1 +1 -1 +1 -1 -1 +1 -1 +1 -1 +1 +1 -1 ... -1  -31.0       1
18 +1 -1 -1 +1 -1 -1 +1 +1 -1 +1 -1 -1 +1 -1 +1 -1 +1 -1 ... -1  -31.0       1
23 +1 -1 +1 +1 -1 +1 -1 -1 +1 +1 -1 +1 -1 +1 -1 +1 -1 +1 ... -1  -31.0       1
26 +1 -1 -1 -1 +1 -1 +1 +1 -1 +1 -1 -1 +1 -1 +1 -1 +1 -1 ... -1  -31.0       1
29 +1 -1 -1 +1 -1 -1 +1 -1 -1 +1 -1 +1 -1 +1 -1 +1 -1 -1 ... -1  -31.0       1
33 +1 -1 +1 +1 +1 +1 -1 +1 -1 +1 -1 +1 -1 -1 +1 -1 +1 -1 ... -1  -31.0       1
42 +1 -1 +1 -1 +1 -1 -1 +1 -1 +1 +1 +1 +1 -1 +1 -1 +1 -1 ... -1  -31.0       1
43 +1 -1 +1 -1 +1 +1 -1 +1 -1 +1 +1 +1 +1 -1 +1 -1 +1 -1 ... -1  -31.0       1
44 +1 +1 -1 +1 -1 +1 +1 -1 -1 +1 -1 -1 +1 -1 +1 -1 +1 -1 ... -1  -31.0       1
46 +1 +1 +1 -1 -1 +1 -1 -1 +1 -1 +1 -1 +1 -1 +1 -1 +1 -1 ... -1  -31.0       1
47 +1 -1 +1 -1 -1 -1 +1 -1 -1 +1 -1 -1 +1 -1 +1 -1 +1 -1 ... -1  -31.0       1
65 +1 -1 -1 +1 -1 -1 -1 +1 -1 -1 +1 -1 +1 -1 +1 -1 +1 -1 ... -1  -31.0       1
69 +1 -1 +1 +1 +1 +1 -1 +1 -1 +1 -1 +1 -1 +1 -1 +1 -1 +1 ... -1  -31.0       1
75 +1 +1 +1 +1 -1 +1 +1 -1 +1 -1 +1 -1 +1 -1 +1 -1 +1 -1 ... -1  -31.0       1
84 +1 -1 -1 -1 +1 +1 -1 +1 -1 +1 -1 +1 +1 -1 +1 -1 +1 -1 ... -1  -31.0       1
85 +1 -1 +1 -1 -1 +1 +1 -1 +1 +1 -1 +1 -1 +1 -1 -1 +1 -1 ... -1  -31.0       1
89 +1 -1 +1 +1 +1 -1 +1 -1 +1 +1 -1 -1 +1 -1 +1 -1 +1 -1 ... -1  -31.0       1
95 +1 -1 -1 +1 -1 +1 -1 +1 -1 +1 +1 +1 -1 +1 -1 +1 +1 -1 ... -1  -31.0       1
36 +1 -1 -1 +1 -1 -1 -1 -1 +1 +1 -1 +1 -1 +1 -1 +1 -1 +1 ... +1  -29.0       1
48 +1 -1 -1 +1 -1 -1 +1 +1 +1 -1 +1 -1 +1 -1 +1 +1 -1 +1 ... +1  -29.0       1
52 +1 -1 +1 +1 -1 -1 -1 +1 -1 +1 -1 +1 +1 -1 +1 -1 +1 -1 ... +1  -29.0       1
56 +1 -1 +1 +1 +1 +1 -1 -1 +1 -1 +1 +1 -1 +1 -1 +1 -1 +1 ... +1  -29.0       1
61 +1 +1 +1 +1 +1 -1 +1 -1 +1 -1 -1 +1 -1 +1 -1 +1 -1 +1 ... +1  -29.0       1
78 +1 +1 -1 +1 +1 -1 -1 +1 -1 -1 +1 +1 -1 +1 -1 +1 -1 +1 ... +1  -29.0       1
79 +1 -1 +1 +1 +1 -1 -1 -1 -1 +1 -1 +1 -1 +1 -1 +1 -1 +1 ... +1  -29.0       1
86 +1 -1 -1 +1 +1 -1 +1 +1 -1 +1 -1 +1 +1 -1 +1 -1 +1 -1 ... +1  -29.0       1
88 +1 -1 -1 -1 -1 +1 +1 -1 +1 -1 +1 -1 +1 -1 +1 -1 +1 -1 ... +1  -29.0       1
91 +1 -1 +1 -1 +1 -1 +1 +1 -1 -1 +1 +1 +1 +1 -1 +1 -1 +1 ... +1  -29.0       1
96 +1 -1 +1 -1 +1 -1 +1 +1 +1 -1 -1 +1 -1 -1 +1 -1 +1 +1 ... +1  -29.0       1
4  +1 -1 +1 +1 +1 -1 +1 +1 +1 -1 -1 +1 -1 +1 -1 -1 +1 -1 ... -1  -27.0       1
19 +1 +1 +1 +1 -1 +1 -1 +1 +1 -1 -1 +1 -1 +1 -1 +1 +1 -1 ... -1  -27.0       1
51 +1 +1 +1 +1 +1 +1 -1 +1 +1 -1 +1 -1 +1 -1 +1 -1 +1 -1 ... -1  -27.0       1
87 +1 -1 -1 -1 +1 -1 +1 -1 +1 +1 +1 -1 +1 -1 +1 +1 -1 -1 ... -1  -27.0       1
92 +1 -1 +1 +1 +1 +1 -1 -1 +1 -1 +1 -1 +1 -1 +1 +1 +1 -1 ... -1  -27.0       1
93 +1 +1 +1 -1 -1 +1 -1 +1 +1 +1 +1 -1 +1 -1 +1 -1 +1 -1 ... -1  -27.0       1
8  +1 -1 +1 -1 -1 -1 +1 +1 +1 +1 -1 +1 -1 -1 +1 -1 +1 -1 ... -1  -23.0       1
['SPIN', 100 rows, 100 samples, 30 variables]
